budget_current: 17347.004567307693
budget_target: 17347.004567307693
pred_revenue_current: 17296948.229599044
pred_revenue_optimized: 17296948.229599044
uplift: 0.0
