budget_current: 17347.004567307693
budget_target: 19081.705024038463
pred_revenue_current: 17296948.229599044
pred_revenue_optimized: 17296948.229464293
uplift: -0.00013475120067596436
